
Throughput in images/s: median of the repeats, observed range in brackets
model                  batch               img/s @1280               img/s @1536
p3p5                       1        89.3  [ 89.1,  89.4]        88.1  [ 87.8,  88.3]
p3p5                       4       179.7  [177.4, 181.0]       122.9  [122.9, 123.0]
p3p5                       8       183.6  [183.0, 184.2]       125.5  [125.2, 126.0]
p2                         1        75.7  [ 75.5,  75.7]        63.5  [ 63.4,  63.7]
p2                         4        95.6  [ 95.4,  95.8]        66.1  [ 65.9,  66.2]
p2                         8        97.1  [ 97.0,  97.3]        67.1  [ 67.0,  67.2]
p2_meis_frm                1        40.3  [ 40.0,  40.5]        28.6  [ 28.3,  29.2]
p2_meis_frm                4        49.5  [ 49.5,  49.8]        34.4  [ 34.3,  34.5]
p2_meis_frm                8        52.5  [ 52.4,  52.7]        36.9  [ 36.7,  37.1]