
================================================================================================
AP@50 (%) by object size  [n ground-truth boxes]
================================================================================================
coco_native (sqrt(w*h), original px)
  model                        all         small        medium         large
  p3_prog @1024       50.7 [38759]  42.3 [26586]  63.2 [11105]   67.0 [1068]
  p2_prog @1024       51.9 [38759]  44.5 [26586]  62.5 [11105]   58.7 [1068]
  p3_sp @1024         52.8 [38759]  42.6 [26586]  67.7 [11105]   74.3 [1068]
  p2_sp @1024         54.6 [38759]  45.8 [26586]  66.6 [11105]   75.0 [1068]
  meis_prog @1024     52.0 [38759]  44.1 [26586]  63.2 [11105]   62.2 [1068]
  p2_prog_s42 @1024   51.8 [38759]  43.9 [26586]  63.1 [11105]   65.4 [1068]
  meis_prog_s42 @1024  51.6 [38759]  43.1 [26586]  63.4 [11105]   62.1 [1068]
  p3_prog @1280       53.2 [38759]  46.1 [26586]  64.2 [11105]   59.6 [1068]
  p2_prog @1280       53.3 [38759]  47.0 [26586]  62.5 [11105]   54.3 [1068]
  p3_sp @1280         56.5 [38759]  47.6 [26586]  69.3 [11105]   73.8 [1068]
  p2_sp @1280         57.3 [38759]  49.0 [26586]  68.5 [11105]   70.0 [1068]
  meis_prog @1280     53.9 [38759]  46.5 [26586]  63.9 [11105]   58.3 [1068]
  p2_prog_s42 @1280   53.6 [38759]  46.6 [26586]  63.6 [11105]   56.1 [1068]
  meis_prog_s42 @1280  53.2 [38759]  45.5 [26586]  63.5 [11105]   58.5 [1068]

small_native (sqrt(w*h), original px)
  model                         <8          8-16         16-32
  p3_prog @1024        19.6 [2423]   32.9 [9532]  50.5 [14631]
  p2_prog @1024        22.8 [2423]   36.4 [9532]  51.7 [14631]
  p3_sp @1024          17.6 [2423]   32.4 [9532]  51.5 [14631]
  p2_sp @1024          23.0 [2423]   36.8 [9532]  53.6 [14631]
  meis_prog @1024      22.5 [2423]   35.3 [9532]  51.8 [14631]
  p2_prog_s42 @1024    20.8 [2423]   36.1 [9532]  51.2 [14631]
  meis_prog_s42 @1024   19.4 [2423]   35.6 [9532]  50.4 [14631]
  p3_prog @1280        21.9 [2423]   36.8 [9532]  54.1 [14631]
  p2_prog @1280        27.2 [2423]   39.6 [9532]  53.6 [14631]
  p3_sp @1280          23.0 [2423]   38.0 [9532]  56.0 [14631]
  p2_sp @1280          27.6 [2423]   40.7 [9532]  56.2 [14631]
  meis_prog @1280      24.9 [2423]   38.1 [9532]  53.7 [14631]
  p2_prog_s42 @1280    26.8 [2423]   39.5 [9532]  53.0 [14631]
  meis_prog_s42 @1280   26.0 [2423]   38.6 [9532]  52.2 [14631]

input_px (sqrt(w*h), input px)
  model                         <4           4-8          8-16         16-32          >=32
  p3_prog @1024         11.4 [304]   21.1 [4085]  37.9 [12301]  55.8 [14227]   65.7 [7842]
  p2_prog @1024         12.7 [304]   27.7 [4085]  41.5 [12301]  55.6 [14227]   64.6 [7842]
  p3_sp @1024            7.8 [304]   21.2 [4085]  38.0 [12301]  57.3 [14227]   71.8 [7842]
  p2_sp @1024            8.0 [304]   25.8 [4085]  43.1 [12301]  57.9 [14227]   70.5 [7842]
  meis_prog @1024       15.6 [304]   23.6 [4085]  41.3 [12301]  55.8 [14227]   66.0 [7842]
  p2_prog_s42 @1024     12.1 [304]   24.5 [4085]  41.9 [12301]  54.6 [14227]   65.9 [7842]
  meis_prog_s42 @1024     9.7 [304]   24.1 [4085]  40.9 [12301]  54.8 [14227]   65.9 [7842]
  p3_prog @1280           7.2 [73]   18.6 [2157]   35.8 [9774]  54.9 [15105]  65.1 [11650]
  p2_prog @1280          10.9 [73]   24.5 [2157]   39.2 [9774]  54.3 [15105]  63.1 [11650]
  p3_sp @1280             9.4 [73]   18.6 [2157]   36.9 [9774]  57.1 [15105]  70.7 [11650]
  p2_sp @1280            16.0 [73]   27.6 [2157]   40.4 [9774]  56.8 [15105]  69.6 [11650]
  meis_prog @1280        13.8 [73]   21.7 [2157]   37.4 [9774]  54.7 [15105]  64.7 [11650]
  p2_prog_s42 @1280       6.3 [73]   23.7 [2157]   39.3 [9774]  53.6 [15105]  64.0 [11650]
  meis_prog_s42 @1280      4.9 [73]   25.6 [2157]   38.1 [9774]  53.0 [15105]  64.1 [11650]
